0.1197191463409547 0.8401877171547095 0.9999999999999665
0.1399220016738037 0.7830992237586059 0.9916537878432913
0.1098775684646692 0.9116473579367843 1.00215905051297
0.1384114797405952 0.335222755714889 0.9463260652088946
0.1276984977897715 0.2777747108031878 0.9454543051334112
0.1314435462380962 0.4773970518621602 0.9657775789756947
0.1256700455097808 0.3647844727918433 0.953797887364494
0.145809753400185 0.9522297251747128 0.9933559183481102
0.1358648464716342 0.6357117279599009 0.9834125672977337
0.1303484438128529 0.1416025553558034 0.9345824187323283
0.1121443385314869 0.01630057162432958 0.9323344986580171
0.1402088377113495 0.1372315767860187 0.9293404584390558
0.1200472197123092 0.1566790892540846 0.9390154816078015
0.1054404401012885 0.1297904467814557 0.937441885707575
0.1109128452655453 0.998924518003559 1.000419086882176
0.1419556117346304 0.5129323944043984 0.9652722025945375
0.1148015808848672 0.6126398325956612 0.9870461307171274
0.1262143595033392 0.6375522677030192 0.9871029204291312
0.1486387511941785 0.493582986990727 0.9584684969530615
0.1385678848896957 0.292516784413027 0.9424909213883496
0.1384956918137594 0.5267449792133388 0.9690751657782822
0.1445764726002591 0.4002286220901779 0.9489071324945646
0.1176229173632445 0.2833147460051415 0.9475645789617564
0.1459513236982521 0.8077245200088827 0.9896130982425523
0.1474663537682343 0.06975527623191256 0.9207757372510317
0.1043027923928121 0.5259953502221011 0.9772887879462892
0.133161346350406 0.1922138459944231 0.9373395381422289
0.1174446467624254 0.8902326025488938 1.001695619311088
0.1010011524432344 0.06417132078864207 0.9339365198175689
0.103154791916327 0.4577017372742769 0.9673071857561928
0.1485317065839338 0.2382799541755952 0.9316245789745834
0.1425459893385628 0.9022080734848082 0.9952478817558397
0.1269880170361083 0.2666657493760184 0.9447230179129459
0.1380124368183373 0.3752069763723793 0.950239603677525
0.1333861880392703 0.5125353641400744 0.969640346262686
0.1019640171676707 0.5316064341606602 0.9777684910296043
0.1465917528125419 0.4376375965949323 0.9526940518771034
0.1360476171532868 0.9308097953585953 0.9972104412084847
0.1369267157450909 0.2842934030500676 0.9425538605478323
0.1177024339873821 0.6399788165651163 0.9891249030556449
0.1082987083160778 0.6878613902665029 0.992326288354469
0.1440037618130463 0.4401045276038835 0.9546473282622545
0.1165168564843558 0.829201093329676 0.9999764789754855
0.144668620729199 0.2289681710437723 0.9334656465572321
0.1343334954159025 0.3503601785518043 0.9496410199591238
0.129432006659653 0.9564682529105192 0.9983275750083043
0.1429338162964833 0.6573040395310633 0.9818101533010406
0.1461984894453541 0.4395599194986559 0.9532104612065631
0.1407383448168348 0.3984366666518322 0.9511322105055271
0.1455486015395953 0.6842185252738271 0.9813946308501692
0.1107912479484413 0.4824906566564416 0.9717626548620419
0.1460064126858518 0.9502523741453198 0.9932894484043845
0.1440531084751958 0.1476600147540029 0.9274702545277531
0.1215976709134866 0.641080596317109 0.9885506852860124
0.1140529706208282 0.6195964839400707 0.987796164321287
0.1153728936870456 0.7860020980173732 0.9972502317539844
0.1113053312577798 0.4470335792037815 0.9661584264082324
0.1138117336033898 0.1875331095361771 0.9415908166451495
0.1208250640289975 0.5564437553083728 0.9793003555645405
0.1453401966930089 0.1696070861861143 0.9282808861981552
0.1063037669548317 0.1031711884323373 0.9359604839111565
0.1380237614214531 0.4954440665875767 0.9651721314303973
0.1467501993275947 0.9847516650262995 0.9920342151640301
0.1191594165606235 0.6844450168704823 0.9918995730743264
0.1184331770839324 0.7497708824229291 0.9950915860182555
0.1116130769306855 0.2941603620043771 0.9491934435241991
0.1122206367842018 0.5844885006474743 0.9844266848872605
0.1366074257933569 0.1523897918650833 0.9324639939051034
0.1396735194091096 0.1254749047222896 0.9289139070198456
0.1372535694564011 0.164101933671209 0.9329991224601176
0.1475052015844291 0.07452980059875632 0.9209664012106846
0.1260781689901269 0.05252926240327268 0.9311990762606448
0.1120031186202556 0.1762106563785163 0.9410547602127414
0.1366327205843445 0.797798051870334 0.9938903894297738
0.1483702569261055 0.6565636529850605 0.9785382869658459
0.137986742094153 0.6394583455470663 0.9827687799822808
0.1067451205834491 0.09348047715308166 0.9355347592194848
0.103911607085686 0.5202100698464597 0.976445156824862
0.110232754312564 0.06990639775521419 0.934377927929087
0.1409838640089072 0.4614204733918516 0.9592779176458223
0.1377790417698115 0.5733186283955903 0.9749036719815301
0.1078903564288702 0.05193881879185271 0.93365457283014
0.1102164305328468 0.9999935710802644 1.000463002071215
0.1062734237901277 0.8899556444445419 1.002184961605064
0.1027028788825045 0.9977989993047895 1.000025584386268
0.1036164399718942 0.8705398649305757 1.001381560628451
0.1461534563666924 0.004161608873010431 0.9207567300741006
0.1090186132858594 0.5938921792404224 0.9856489789982081
0.1195845115322548 0.1631314992732981 0.9395990345894547
0.140984757636201 0.9130266774040771 0.9958327595826036
0.1276242511242741 0.3590953687015433 0.9527730712666473
0.1226287922927313 0.5794299941414176 0.981952168811781
0.1049820031761108 0.687387434620125 0.9920469531731716
0.137864691618767 0.5308079880340062 0.9698834319710838
0.1496114230712929 0.3042951497734968 0.9366643911444169
0.1438806889084543 0.5769711125534824 0.9715247574263692
0.1314454965672668 0.7478092963564253 0.9921984102409011
0.1373901433485514 0.03542090674649035 0.9257870168577487
0.1462688275595516 0.8332385420022712 0.9906239168363544
0.14155187704207 0.8732713427735824 0.9948301752255772
0.1371905603619248 0.979434129306783 0.9960064055104881
0.1491797869089897 0.9033663402792841 0.9917762734357236
0.1248629259527023 0.6668803345723452 0.9897486819141258
0.1415005916922822 0.1639680034313202 0.9304336223553489
0.1038497340417699 0.8889487501648016 1.001861724197165
0.1124022059200342 0.6497069861040018 0.9903449170789852
0.1114568489889879 0.6294797033208793 0.9888424301104148
0.1158433568737672 0.70061996472097 0.9931753921707652
0.1115713976144657 0.328777043301974 0.9521626561925516
0.1316536096770566 0.07416096985068217 0.9298535993981824
0.1325566041202082 0.2236564132495115 0.9395639455727248
0.1485732854802969 0.5106859712445577 0.9607175235683579
0.1273053438995524 0.2800420132838385 0.9457153360268673
0.1056640277410224 0.7192685761113039 0.9934967981016726
0.1296269959442443 0.4714834291820803 0.9656298465561232
0.1225458779011601 0.9443180961275092 0.9999634663994853
0.1423842217970566 0.336351125657722 0.9442634621063573
0.1001615729882203 0.4345132957373342 0.9632580983460372
0.1299240649817158 0.3449429549951772 0.9507581629733384
0.1116945852347159 0.8332432940757104 1.000078521083004
0.1241475139857025 0.675475980469713 0.9904561547529575
0.1152477841662466 0.4819358230950012 0.9711441638066547
0.1091277893675155 0.7120872599594701 0.9935148489679656
0.1020432151397891 0.6218228212659354 0.9876296532314701
0.1347991895558309 0.4139837396396248 0.9557712067417797
0.1318820076444568 0.6739364963369149 0.9880663673570766
0.1092311233790736 0.3471158730551209 0.9537064262957353
0.131357894316948 0.6091058620294117 0.9823456104378707
0.1164187219070358 0.7307293455725207 0.9943111530316917
0.110110638714447 0.7404384411594078 0.9949700313697505
0.1342378268410628 0.9209143570256021 0.997930796108863
0.1128632741108831 0.6531303323121417 0.990574296300395
0.1043821814024738 0.5324409727623877 0.9781086864533063
0.1438691963878783 0.2604969424477299 0.9363556685958204
0.1046870118028889 0.6861249276837916 0.9919529762880887
0.1180800453843922 0.1112756319862211 0.9358559220500344
0.1296605727540611 0.5766905157718297 0.9792151639335639
0.1144388887632819 0.6665565910127743 0.9912754691669029
0.1144189705906524 0.7757672428971936 0.9967015485833697
0.1094875491035579 0.3296420785270827 0.9522346917961391
0.1001789287199168 0.9843632029296659 0.9996191590235538
0.1165739537759563 0.8273911354259547 0.9998918477238662
0.1218248498494853 0.1882010419798089 0.9409225812780192
0.1459465194008996 0.9586369618580849 0.9930959727692448
0.1349537701508746 0.7648714351304208 0.9922795889958553
0.1342892895845181 0.1211431618412692 0.9315462486161651
0.1387136747309536 0.3838319393730871 0.9507485034770989
0.1458136456067737 0.9430512743736856 0.9933359856775343
0.1101774108177877 0.861917122668548 1.001434774255922
0.1274021024943339 0.7936568394273784 0.996067694307635
0.14524662357068 0.2972884524135331 0.9389538730251944
0.1436989484092681 0.9096429575745216 0.9947220926898924
0.1288099774060817 0.4981439264948219 0.9696193658647954
0.1136955584463177 0.1627567434510015 0.9401787580403517
0.1246199410989042 0.8645789604003443 1.000165146587308
0.1424471081432175 0.4636621509975112 0.9587221237952148
0.1145526642978902 0.4959773963764205 0.9729224354082806
0.1342089219410945 0.1804212383834744 0.9358856410327592
0.1069529099887949 0.727550283413171 0.9940585712669289
0.1246210859038965 0.6031088263742201 0.9840104111055991
0.1362125994107745 0.8381336027933907 0.9959614259618697
0.1110982771083239 0.1782075097682921 0.9410660354173779
0.1060629391838158 0.4985254823689002 0.9735965703354543
0.1180221302285894 0.1382384538362913 0.9379033497166264
0.1465947646864666 0.3248070000320706 0.9405519690733011
0.1311047726222802 0.9084846544584654 0.998995306973067
0.1409063805783663 0.8368277646772693 0.9938087320101915
0.1167485845353215 0.4960744201653052 0.9725420184663496
0.1329415581808154 0.3943271596889604 0.9545040997790005
0.1129453059811822 0.608882859632784 0.9868891742169917
0.1036272505315148 0.1512299851287296 0.9388375873702149
0.1323603690985406 0.107848282022331 0.9315329505219969
0.1144134760202903 0.3635982965880997 0.9552889705723184
0.1045574289767805 0.3313858203270407 0.9519387344718047
0.1467247323350631 0.4273277206473647 0.951093108361601
0.1132730661487547 0.5835702980792011 0.9841825786468186
0.1380888903923747 0.6587466344510888 0.9843070337553689
0.1078636058409995 0.4874268651415719 0.9722930941690735
0.1312832659721762 0.8830365915238096 0.9993106460929847
0.110392179554511 0.517714721391776 0.975998038158264
0.1213099687925121 0.5575606127071943 0.9793388360351744
0.1197194188459401 0.8299390435358226 0.9996949847963543
0.1163006731617733 0.2443269869519058 0.9445083093621557
0.1319327073320433 0.7293600680908934 0.9908050693012072
0.1169121463629008 0.9848446273174345 0.9996812777310443
0.1068037305990251 0.8975602662645096 1.002181871058494
0.100270427414342 0.4107879378883112 0.9598891111876571
0.1387193117471036 0.7832819939513141 0.9922589231708969
0.1057333906906347 0.293678068692646 0.9487157684756026
0.1360502894670005 0.8655348144776815 0.9970662292673961
0.1224552556045611 0.04916246004829298 0.931955561778298
0.1353954547482522 0.9864671127807662 0.9963883911667829
0.1236946988728338 0.2108829194730534 0.9418184663030608
0.1046959755265601 0.865181211785032 1.001339152380716
0.1191447966355573 0.09955929643453998 0.934941864092197
0.1328559954570867 0.3017631016214206 0.9456693730574351
0.1065851072345791 0.8090953085613881 0.9982850804631888
0.1026711147756647 0.05150828606053642 0.9335989711658002
0.1390434177075715 0.4577156083927097 0.9597044265310073
0.1221280117622242 0.69207644215416 0.9917805339500522
0.1294818354209335 0.1191112809437845 0.9334097930620744
0.1264949609648879 0.5786348472249856 0.9806721720101108
0.118095842058815 0.5950452567055101 0.9846673105908316
0.1444361662699078 0.3042854537741679 0.9401629643660246
0.1084910133893094 0.4765846549889933 0.9708220047000555
0.1262873557751474 0.6097291147381668 0.9842284916465817
0.1298098113526636 0.6189253803430709 0.9840521300454008
0.1414904149908062 0.2336562100023293 0.9357538429126595
0.104941871066085 0.07009020404428719 0.9345051010888342
0.1084824750472244 0.9237278108129873 1.001822442294602
0.1112745455984373 0.4817333540328468 0.971638322712768
0.1145414331297118 0.8267694100862226 0.999870592811669
0.143913884807338 0.3571930571259899 0.9450134952414392
0.140745433275935 0.3442509581075287 0.9458951144929819
0.1018163699898014 0.6591460498325276 0.9900963624281021
0.1389128665620987 0.2574689002975211 0.9391062264889638
0.1418051873761254 0.6259641082146969 0.9788468790818062
0.1110504682227273 0.3081565500740691 0.9504019763598968
0.1306221001924119 0.1980205882331452 0.938863296737135
0.13373026218439 0.1097326898527018 0.931064846429684
0.1359730902295434 0.7822622716344252 0.9932359339036521
0.1200593825755917 0.200352358725086 0.9417704524715921
0.1217004284363708 0.3156580311784791 0.9499342825108711
0.1192874117611383 0.2309959513279591 0.9434436012773354
0.1077361880837643 0.5328459900491154 0.9781700604570764
0.100728967180815 0.5553977361672547 0.9802699458375801
0.1191083573126739 0.3802146736440317 0.9566307536428266
0.1368703865385011 0.3054080062105358 0.9443525983239721
0.1324829482159032 0.2604448419345752 0.9425816602426923
0.1459795446116382 0.5523163958230598 0.9675371979503833
0.1404892648060291 0.6859863645797531 0.9844025847944736
0.1155975236164394 0.6978482230090761 0.9930389097293344
0.1003002386308742 0.6458890436430876 0.9890663715025034
0.1421954815938117 0.5329598372489959 0.9677445132151817
0.1321346263550849 0.6184467764657209 0.9830856413604292
0.1200354523817242 0.5185148750983714 0.9744497792691152
0.1359433616911729 0.362154331226905 0.9499779292890181
0.1338906181202692 0.8018966996119808 0.9950516788022539
0.1016446325237139 0.1528758020852114 0.9386444614031694
0.1342860896067163 0.06356059716248913 0.928182563035587
0.1309479166897703 0.1876164121495636 0.9379535308240906
0.1283915542896798 0.700301136216289 0.9905734456339297
0.1002854570980582 0.001125479583221245 0.9319239197570883
0.1130785160758898 0.3052388165636169 0.9500814252298718
0.1428777606193338 0.6553681067448892 0.9816967066478686
0.1170677235429491 0.1811612132848991 0.9411970397608411
0.1439504718146988 0.6673405085072576 0.9816938576494586
0.1156614775842342 0.65330494318777 0.9904544647552651
0.1093132389985552 0.8850142089114591 1.002202081186593
0.1251730492455759 0.1571391830952555 0.9375646838080861
0.1337827029329644 0.8289573070728021 0.9964175247228501
0.1095555818917023 0.9041700330116647 1.002266741917293
0.1353033366078992 0.3945212920170842 0.9535380194020016
0.1273698547283978 0.86892400023943 0.9998711068810016
0.146624229893379 0.7389593826322627 0.9844629171447077
0.1463287897390913 0.2331188862366224 0.9327441309823307
0.1466710011226456 0.5514429311973242 0.9669830491578352
0.1276284205390273 0.4944068801097604 0.9695003429181002
0.1399822848336689 0.9391291648797361 0.9957779958664662
0.1297248635579482 0.8141387322983419 0.9969411697722649
0.1497649973024451 0.6572009090600539 0.977659629924014
0.1162270708550825 0.9358517420179452 1.000995880508621
0.1294578342370027 0.8743093818772162 0.9995843818359907
0.1379661795394338 0.6377709687863341 0.9825958717885898
0.1397455075940795 0.7754214651768195 0.9912071044067576
0.130218938589198 0.2627845752345326 0.943591555755975
0.1083477303890268 0.4705642100752165 0.9698773562669095
0.1432542751278981 0.7954904100836676 0.9904850467230033
0.1332207204928718 0.8730213399385202 0.9984618484299089
0.1305990361052561 0.4124825966602576 0.9571946631030823
0.132280074144844 0.5968990072593554 0.9805096673215614
0.1074170968995509 0.5385565164212867 0.9788326690637694
0.1016481698265524 0.5790215053497914 0.9833291792467425
0.1259075334881933 0.7009103487715639 0.9912976241646311
0.1257524540534953 0.8326090932044243 0.9987574466677276
0.1244905000899409 0.1126479404571689 0.934555082772362
0.1024249841004726 0.5103490266531469 0.974846624001978
0.1192329204032351 0.8143514189004671 0.9988485756089007
0.122606119361057 0.6376563667495067 0.9880320854547338
0.1206538915730332 0.1439819983877158 0.9378732045653123
0.1203383287043955 0.2470325391027297 0.9443497063708073
0.1358798374588973 0.01745660324462531 0.9263940575787299
0.1406473506664147 0.5737211818684457 0.9732872134995835
0.1223371260903483 0.5826822512702468 0.9824447742965948
0.1497582423965252 0.4773614227200679 0.9555961364786578
0.1037130214989712 0.05872324344642611 0.9340395940696764
0.1298639880166687 0.6407663308273844 0.9862775260654587
0.1109893917855757 0.2226023679704416 0.9427232690001219
0.1461756358603833 0.630243156864421 0.9766692442593872
0.1231426124801592 0.7379385054753806 0.9936599225475516
0.1425293222966275 0.4385617978119113 0.9552355109136325
0.1474455412232529 0.9526622518676623 0.9925204039543606
0.1383506835151234 0.8990861279420025 0.9970520617852272
0.1268371247112924 0.3335692320640987 0.9504854656912974
0.1238775615458738 0.2191360575236082 0.9422315936980182
0.1233084298313169 0.9498203261521739 0.9996873240273502
0.14836384646984 0.8843178050053855 0.9917875524124403
0.1229019493204085 0.1837653453386227 0.9403915153305192
0.1383223798537266 0.7802239422594308 0.9922353213521088
0.1128792682256919 0.9047815082151357 1.0021525044591
0.1481752376063612 0.7616124445393739 0.9853119316764387
0.1201189387450549 0.3318457944932607 0.9516862298334335
0.1277224081464682 0.5607845119949358 0.9778156665284
0.1095513834196848 0.6221666106126116 0.9883005665193529
0.1180052557811165 0.4779608796713691 0.9699553752244788
0.145826133874164 0.6538799179968796 0.9798555624101484
0.130327108469944 0.2106915610892193 0.939749858496132
0.105488884428278 0.8654335014826774 1.001458822040717
0.1099501366540557 0.3735558397013489 0.956397793205961
0.1296345948612479 0.6465201832570695 0.9868212359444457
0.1298170254471791 0.6765539639985906 0.9889535284840074
0.1280435884269157 0.05886049338563368 0.930723537837293
0.1121312919362128 0.5636174378747202 0.981598911332882
0.1171920689834245 0.01891075494648458 0.931996029003141
0.146184613158081 0.009073435333125962 0.9206491683907634
0.1385342940169081 0.6014267441823272 0.9776177117191667
0.1466636269570625 0.887197014823182 0.9928736297935121
0.1223990763176228 0.173064654773597 0.9396914757022472
0.1397615632925935 0.4877207016049515 0.9632635336062393
0.148284079063816 0.6390091947461521 0.9764626474538647
0.1146444556371516 0.1553363810085395 0.9395947385688499
0.118301397128171 0.8822042582939399 1.001488016435093
0.1373818879655478 0.8994312821419124 0.9974095691454132
0.11364935606888 0.4758056311289806 0.970536694065094
0.1061162906960195 0.9466404923920708 1.000894216915115
0.1311597228195331 0.865679018602557 0.9988254469802486
0.1462269755994095 0.718666322863971 0.9829469985854409
0.1141141880136515 0.1840662244633149 0.9414816161096964
0.11014884897049 0.1671653507124471 0.9404395544395129
0.1088119393022787 0.6261251399415196 0.9885949300431349
0.1113775942061924 0.1266692425714197 0.9375098330873824
0.100693312846447 0.9469246663837343 1.000309650078244
0.1059994660578666 0.1608244227994347 0.9396849811659053
0.1324272562202193 0.4618477837470583 0.9631221033315396
0.1050428489013775 0.9152205870092011 1.00173853732153
0.103527848377604 0.6142267052150456 0.9872770043001572
0.1248215481521662 0.3937460907705809 0.9569291435347943
0.1146588686456247 0.4365849101154995 0.9643322093343105
0.1456195270855071 0.2440687218886189 0.9340398023835745
0.1095354606907514 0.5661644942900932 0.9821125355838866
0.1215921756446325 0.03471635516486892 0.9317101341260465
0.1376691339247251 0.8139036702056898 0.9942148776618831
0.1498984947567333 0.3563830244151796 0.9408332935451259
0.1261774187563813 0.03566643830186987 0.9306752150190043
0.1330895789354525 0.2009468740788041 0.9379603183846487
0.1163808058325112 0.6997871616388611 0.9931003759603441
0.1323355913778467 0.8893434628328977 0.9990736011000177
0.1025083942583336 0.3414823740448255 0.9525024526250602
0.1401665078895942 0.7667011487142654 0.9902828566632716
0.1340960867628903 0.6987130095710573 0.9882228093186718
0.1156469857160221 0.9041871358194329 1.001894421105744
0.1148966613295007 0.7524787032755458 0.9955704509935773
0.1094531806462692 0.8093706773637658 0.9985362475661252
0.1026719699393362 0.591110599502507 0.9850234383148548
0.1078637546663469 0.1014541541698641 0.935986215475116
0.1068085254900197 0.2441486126017517 0.9437319890114896
0.1029026141403721 0.5891186062195891 0.9848195888034794
0.1472750815550215 0.8895531882948955 0.9926215366732043
0.1462609813298383 0.05602217747644623 0.9209474211956349
0.1128484525777625 0.4690500057623955 0.9695229454479685
0.1084418583467798 0.5870112048401549 0.9848836388930732
0.1238177333603696 0.5845851686711354 0.982262882416734
0.1463033771357981 0.8155489949581907 0.9898078623402699
0.1291125071603398 0.5265225523740624 0.972957259774424
0.1112617780739729 0.7293977000421834 0.9944696179039243
0.1316792417697978 0.2641718784646 0.9432030084947737
0.1008325290637242 0.5381752757999 0.9783875717500781
0.1173772976349002 0.9315180619859686 1.001010368351731
0.1261314330511407 0.2057141941998686 0.9409046380042877
0.1153584174417697 0.4009853514847277 0.9595739444042316
0.1322566982276071 0.6799037548154144 0.9881894449218456
0.1134511180284671 0.4433388586357883 0.965486767766976
0.1166446023232511 0.7031862473595824 0.9931869185555103
0.1379604212418014 0.2145239912041109 0.9362636195513939
0.1341786998716084 0.2581116725961267 0.9416103891212392
0.1422561438950971 0.01617747592561761 0.9230379611489274
0.1300381322298376 0.852411164367763 0.9985109611820242
0.1333980079430146 0.3214775446436729 0.9471980310366841
0.1424000048741698 0.5268301868470526 0.9668698983971663
0.1128113943211787 0.2502103020670872 0.9449165402569101
0.1257191090265844 0.07323565849719367 0.9319419367769323
0.1305705467381378 0.8898127222851909 0.9994971774800924
0.1410665391902749 0.5310327618061718 0.9682112912382034
0.136837347800302 0.9589568874607594 0.996507667206679
0.1179971119472744 0.3439594448283126 0.9530673279589535
0.1011931599589033 0.04391530437577297 0.9330368361859422
0.1243627081505781 0.005076203031966557 0.9306105446200478
0.1354131225195775 0.2928855597474079 0.9439833694751457
0.125370477570859 0.8201462094765838 0.998278405218141
0.1039128941036355 0.4674708747619162 0.9689082938650853
0.1241824175343767 0.1909835483836865 0.9405414594359932
0.1021697356142894 0.9233807599746533 1.001207493247106
0.1122429152076332 0.08441099528428679 0.9349439644030768
0.130562059106567 0.7113548716117418 0.9903920464951068
0.1480782586839414 0.09285840117040016 0.9213786418250884
0.1083047030066628 0.8674690690205754 1.001714906102864
0.1378640895420053 0.4759473537448549 0.9627528211574123
0.1003490057542683 0.77750499489601 0.9958538974029342
0.1368230940945554 0.5786125741799421 0.9760501418990886
0.1461286009504127 0.7437270710914056 0.9851809782451412
0.139382118796642 0.09640412037093385 0.9272182041695113
0.105074016170145 0.9464352181863204 1.000861314519819
0.1119660388966864 0.2748965384787398 0.9471179166465822
0.1047521373977662 0.8097427737944493 0.998059074830614
0.1138606824045352 0.7467303293509084 0.9953426599422278
0.1468856938867298 0.1733006300280339 0.9274435425962019
0.1048340694768513 0.7608619992438993 0.9955067798374718
0.1422636497264093 0.9811085900203831 0.9941448032308695
0.1346231730583232 0.3415396936896908 0.9486982573173217
0.1217199047662876 0.4565141761938641 0.9658783183006072
0.1161991622374389 0.6540286343796312 0.9904397989936543
0.1064987993829412 0.6004921554590074 0.9863176649087726
0.1188998574944678 0.08126503512322206 0.9339185049094756
0.1329938804884413 0.1369561027441901 0.9331799658541516
0.1440341587150629 0.1144590313148028 0.9254242912341004
0.1105431576075699 0.5824496283114188 0.9842898700109101
0.126444242324887 0.6683255497684356 0.9894549857582413
0.1471611044123588 0.3123434755542984 0.9391330027933089
0.1061043124674374 0.7682056244314674 0.9960492843588209
0.1257467976658357 0.03826483573683763 0.9308960985958429
0.1105782732882436 0.3992998974394518 0.9595388906823712
0.1080080948108845 0.4526498305856482 0.9669795175027384
0.1216879210070185 0.3082468553018974 0.9492418788875294
0.1324893274728625 0.005434890280214552 0.9278804300033928
0.123097453346987 0.1262218813068335 0.935902253269273
0.1390125257843232 0.08418464431734041 0.9267078923559019
0.1342338399888174 0.7859323116885183 0.9939918679489582
0.1433598673638701 0.9102265038109508 0.9948805497964612
0.102359130304474 0.0626739492000425 0.9340938717317306
0.1088566490257423 0.5270749565805658 0.9773643936003469
0.1054762292213162 0.9278657803907365 1.00152100433693
0.1298095664846755 0.3879961326662433 0.9549236914202001
0.1350169804343102 0.6384094309240623 0.9840710805020066
0.1203307527444934 0.5394134179406862 0.9770526292134941
0.1288839126838762 0.8224258580349506 0.9976235944978873
0.1110862877504371 0.9215510082065831 1.001864354870893
0.1187100419163285 0.7892437199080566 0.997190981488346
0.1048745287372146 0.3818876516920923 0.9568299976153032
0.1193661270986153 0.8079592589326013 0.9983923160048838
0.1467090570119718 0.7472771242015422 0.985130819069904
0.1415730884259442 0.8492716089120468 0.9938456054686238
0.1317601960300283 0.7144316554602383 0.9900944239573585
0.1312329079402764 0.5161385678295691 0.9709847798653691
0.1289406258514806 0.5024012674123055 0.9701113965988938
0.1014738111763605 0.6718407653606686 0.9907456329754252
0.1299853272642872 0.7559454980101182 0.9931697306481353
0.107197081510535 0.1390008079535332 0.9382915780727508
0.1388705119671629 0.1958978749792547 0.934286172624303
0.136765564645997 0.8442812388969032 0.995975154627964
0.1333353548233096 0.184025293767464 0.936631615818602
0.1052788150987024 0.3129895461318035 0.9503963056984746
0.10511166327871 0.888432851940595 1.002054906949338
0.1135160251583513 0.4797771403006171 0.9711573589293221
0.1143868199383779 0.1997238407841529 0.9419694321112654
0.1473500482492848 0.6576430451393328 0.9792550693913061
0.125345732702569 0.2219175385413307 0.9420323996628353
0.1468174597233615 0.7784627335045778 0.9873070063904599
0.1147300650434243 0.1421185741862834 0.938572629233525
0.1322259920799294 0.5610073528070968 0.9760555364856819
0.1116424058851052 0.8734138183637586 1.001843368568015
0.1314679657954108 0.6739960651257988 0.9882361627347012
0.1406498436539666 0.8325546634535094 0.9937427274925359
0.1014226268983551 0.7733009461189159 0.9958127671135572
0.130879109250791 0.5904071119569275 0.9803691102756675
0.1387216203095026 0.7637638308870438 0.990690204925033
0.1038376688276593 0.2842892810163504 0.9473511408977544
0.1086361066245642 0.8800087081640999 1.002109609329749
0.1179892923999528 0.178986642593046 0.9409677229358608
0.11893552416886 0.4430426356583101 0.9644935763073201
0.1050342840398821 0.6475222472322743 0.9897753301219634
0.1434719892886803 0.3257114478972328 0.9426635611082986
0.1052087090468075 0.6076003348490225 0.9869122235701941
0.1374859454517653 0.8057889797751741 0.9939323511374399
0.1183398166291136 0.3987754822702964 0.9588925506029004
0.1136094650084197 0.3942387501682335 0.9588933768662442
0.1034117407414186 0.5996444502843751 0.9859847576812222
0.1216099556636112 0.9015486160766094 1.001049155635094
0.1337424780864932 0.8812316879077031 0.9985082258781723
0.1235819399932315 0.4606516512393261 0.9659857414223508
0.1112207740830354 0.2924317462800218 0.9490349964558189
0.1288360513881017 0.2460712055890221 0.9425845953439373
0.106303995664373 0.3011688586795557 0.9495100744787999
0.1240077750636301 0.7494431602533176 0.9941687132590132
0.1096242897955814 0.4858657612865165 0.972188879133142
0.1066694004026565 0.8588659846498007 1.001156889785355
0.1092288716040686 0.2931714767092706 0.949031045475574
0.1450385905779147 0.002827793826734551 0.9215067259785327
0.1404308386800954 0.2887516134831829 0.9411046146508036
0.134376354787674 0.6504907201279377 0.9853435510186805
0.1022364734915255 0.1754131057185182 0.9396130205559567
0.1387528778234277 0.9597163959218731 0.9959028561030879
0.1430632505766411 0.112964284658881 0.9260070166253664
0.1497097986283292 0.2072566692751165 0.92793631997009
0.1333954160490052 0.5361145727970239 0.972505261442001
0.1414273159771354 0.4658347719655534 0.9596152815121894
0.1355952988777288 0.8923238026408123 0.9980353659696297
0.1096746330427354 0.4052673468390793 0.9602185272708826
0.1077355253313368 0.8379858908420363 0.9999495914762869
0.1161925826064276 0.6736481621273086 0.9915733881381178
0.1266257073155724 0.3471963025383634 0.9519079349193103
0.7033985588715406 0.4572396601816824 0.8416685392957989
0.5644575832711801 0.7170915788584815 0.8643866644806627
0.6297223644236672 0.5411395903402658 0.8462943187595887
0.7752394016949643 0.2686842276103256 0.8497921685508423
0.5755197228517009 0.6933702876294825 0.8610454521914599
0.8144744442377587 0.2363597798330522 0.8561458323369976
0.8078887585587282 0.219154889331737 0.8581086542131419
0.6641447308771986 0.5143516941528542 0.8455181091479758
0.7307632947949522 0.3435200370585174 0.8397250326551399
0.8933078006577249 0.09431987958695734 0.8755592663624095
0.5098258910979265 0.879012586026924 0.8739617028319818
0.653583603330694 0.5212607865786463 0.8464480147755624
0.8278941623065128 0.1801363430824766 0.8627650416608659
0.7231940055141197 0.438990439492739 0.8387166188440057
0.5977601725597681 0.6830983290835742 0.8530574228257053
0.7138675737026462 0.3862986515212332 0.8403363637707038
0.6918922508563344 0.4265545212787364 0.8400803123403848
0.6481819839441134 0.6004054432736735 0.8402789147464597
0.8888377726491717 0.1092334217900566 0.873152619149411
0.8604679746602046 0.1593244216215445 0.8664220671876705
0.7631907079663084 0.3131870042128428 0.8468567447184284
0.6987718986574429 0.4556903920395721 0.8426562267097455
0.5759979711035257 0.7450082664121912 0.8533010754031038
0.4250496888417051 0.9587534526170945 0.9073999111243004
0.8923994904814286 0.02050835221098193 0.8806376263602177
0.4960344909206193 0.8978831120291181 0.8816888840943639
0.9010986879240249 0.03971701396616037 0.8813416282199994
0.8190922325333079 0.183800870638248 0.861040533007924
0.5419442777251566 0.7783905755627857 0.8695375882629632
0.8862555143126545 0.07363786179276084 0.8776693129155504
0.718507799584655 0.4089780521620894 0.84267350284445
0.6408631819490638 0.6018268934459551 0.8443514012169516
0.6284482452219576 0.5633267432280475 0.84980452170343
0.5320146659538219 0.8032266845941668 0.8715225994104815
0.9124665517418025 0.07132200713796634 0.8771836276868007
0.6816435135815495 0.4751638739719818 0.8439027160340703
0.7674250594654237 0.358235307670308 0.8397964098104599
0.4467367260003168 0.9168509053610502 0.8995297522077872
0.4933320420064647 0.9008963517383189 0.8832560280848574
0.8501842969098056 0.1917718766218852 0.8603834415692766
0.4401439045509993 0.9286776897165355 0.9021107006566185
0.5379569138577007 0.8209256426528682 0.8641792847831737
0.6458368822447196 0.5087988867931063 0.8430398382709032
0.8202354429616758 0.1882480602656715 0.8613182794295212
0.5993353843918701 0.6275178234221032 0.8557497600493399
0.527485610720462 0.7486783660709292 0.8710856616182029
0.5566140450568005 0.7218224358380877 0.8662450192794863
0.4782432346503452 0.872028448559357 0.8886380682014415
0.6573939585161367 0.5527375962365129 0.8445771488683603
0.4523483081266043 0.9577093440842392 0.9007229978023312
0.6027405414277411 0.6378062389035738 0.8553482311181446
0.94551776996605 0.00856861472528829 0.8828896134145218
0.7644072342032601 0.3637274836021138 0.839575403662513
0.8635886318812094 0.09928511972505838 0.8729063386451301
0.5140409112507668 0.8010238771331608 0.8773230242196773
0.8434708089071656 0.1860285388240724 0.8626359890583168
0.7099917167844212 0.3807119845322855 0.838450721416087
0.5954274087657349 0.6980962696010695 0.8510346391092246
0.9384768693421395 0.01168069430239531 0.8833305102728422
0.8436097595112444 0.1767003327499611 0.8640342246124951
0.872153809001741 0.1482302519251733 0.8671360622291632
0.6056554379666482 0.6756943928430297 0.8499109802618856
0.7894441628779492 0.2758839583377745 0.8510864903923263
0.8638301447796776 0.1552018658980736 0.8669859094753731
0.7941565738963692 0.2229779731589267 0.8542229179531757
0.7166986318615725 0.4526811574831052 0.8382410855298439
0.6501702748239834 0.5457844275728727 0.8469172821580441
0.5170627164733889 0.856825758170721 0.8727135754268072
0.7544708979802537 0.3866692918290707 0.8377337792756602
0.8223167856560633 0.1741357455840966 0.861744951912744
0.7944242773551606 0.2471678737770616 0.8545183019363489
0.4726966252656173 0.9173947353462664 0.892647503282777
0.7472153173048121 0.3671184658851095 0.8436842950046024
0.6602445931920058 0.5173907296347389 0.8460131522838529
0.6837868859683103 0.5018353343484157 0.8415456069411213
0.9235044405905085 0.01799767744634192 0.8836274389669964
0.6249497226788429 0.6194697616712515 0.8493080983163244
0.684708549214857 0.5201182735711887 0.8376754027699672
0.8130585516165283 0.2414149107604357 0.8553261978061751
0.5612320071604252 0.7239752741176519 0.8653415290316685
0.5147171468309673 0.7882313494515751 0.8764437646074233
0.7541122408370079 0.3251770959818629 0.8452896462386003
0.5901470408030538 0.6379062038091506 0.8568760386149339
0.7794649311245722 0.2435276872681117 0.8498635036490133
0.8518263058745426 0.138113731582702 0.868792775677043
0.8131297482238755 0.2122686641347914 0.8590506142175973
0.5175693108782029 0.7778277181916999 0.875120387439322
0.9006665771131713 0.01316146413477206 0.8823806783017378
0.5539504074742787 0.7451544044283938 0.867299554164735
0.6504768147834004 0.5237453442643142 0.8465433288867298
0.8147655230084274 0.2246432561542109 0.8579109441808209
0.493677988366074 0.8970553250503984 0.8834266473309988
0.8031411339077825 0.2354350920000277 0.856472627437365
0.5541091314536096 0.7394667373688271 0.8674574709738205
0.8769252317384469 0.09249373762518807 0.875483990940144
0.4734148108043777 0.9412428871454871 0.8917475818898055
0.5932717778455801 0.6400984426215749 0.856994513476508
0.8065298004804784 0.2147408636355497 0.8579627449939096
0.6987020089284992 0.4484228372799339 0.8428605977244581
0.7780367578743197 0.3025801411376242 0.8480839199642211
0.4877764479433077 0.8759319846871924 0.8864015685983067
0.4467788977766311 0.9718181746880609 0.902840984251979
0.6269928793315743 0.6445122052191348 0.8432352029168385
0.5201303874469039 0.7987058860243791 0.876168320175473
0.6583566451949798 0.5155318325923438 0.8460696278135469
0.6186805806908201 0.6366563474930154 0.8496161708671489
0.4945884576042129 0.8641942519993494 0.8839366642675949
0.6128374138906773 0.5842881065720171 0.8519139046758023
0.4407451068240894 0.9508852706993396 0.9043429406552356
0.6139292772458537 0.5764793462941793 0.8508625169222304
0.5322876841911524 0.787196854961662 0.8727683723561875
0.4593127171552334 0.9241040954012909 0.8976522128971272
0.5148711396683339 0.7841422165670163 0.8760245272388844
0.5589782811277445 0.7052999430826399 0.8647626458045609
0.6018372489846485 0.5971135104061633 0.8524507525678446
0.5141014636094223 0.8191016222439248 0.8775809808265825
0.6781815451002594 0.5227288894926798 0.840278166730976
0.8449594564246756 0.1268051965752641 0.8674734485644557
0.5583258364854036 0.7758994352891573 0.8593038803210462
0.6361177116567818 0.5569077034280205 0.8488795851132948
0.7856970463347142 0.2479623124226752 0.8526683441127346
0.8898046501166209 0.03160635616239457 0.8799227343686085
0.5671568616373264 0.7272757229987884 0.8628865761684698
0.8280150959165837 0.2117859074900793 0.8591820425397632
0.4695886095844157 0.9396493062095946 0.8938521370302144
0.5755723072567825 0.7215400015569944 0.8591622892856635
0.7792884614454995 0.3059874867582635 0.8472888700901292
0.8274357564642261 0.1541414573575098 0.8622975930513257
0.5507275422572753 0.7844890555294646 0.8631213994960862
0.7577327501530446 0.3226947562409075 0.846073164750642
0.4734290765940348 0.8673214846604138 0.8885537802059262
0.4921784886355411 0.8546480600976609 0.8841458614430263
0.4827145751252372 0.9327161754168179 0.8867200666080877
0.6567850463123922 0.5572914683992469 0.8442532615037587
0.4522277889317963 0.9069643392725681 0.8973150380682311
0.9077228937334022 4.687765615381191e-05 0.8835052706965129
0.7477010505496064 0.3077632222826421 0.8421560542767293
0.7682103396710989 0.2670832151859455 0.8471545813503403
0.6001696078573212 0.6475476965529601 0.8557028476296045
0.572759880857896 0.7131999385138973 0.8615019518205965
0.7881698089829505 0.267134375994622 0.8521464587563946
0.771634511659683 0.3140431630024887 0.847104370505455
0.8832172129690727 0.0803840360978544 0.8769383637136483
0.6116178715422833 0.6632515660781654 0.8488385296764228
0.7854843057391627 0.3276260208001481 0.8408364022790528
0.7865095467011023 0.2464756570972854 0.8528925371270497
0.8411848354345117 0.1277427008039051 0.8659038747928788
0.6105240044465867 0.584997878682333 0.8518720237074469
0.865825980629691 0.08257697340221003 0.873089958084929
0.564939822636051 0.7690744859953758 0.8557391455441318
0.8102118089609835 0.2564885184431861 0.8524669070827755
0.8559786053169419 0.144467963438699 0.8685527302643499
0.5201902601961933 0.800774597470078 0.8761634000583852
0.6227707716742394 0.5992906860072588 0.8516170803860984
0.4704143805757232 0.8904203013006692 0.8920832463031937
0.8901180859143465 0.03551929585427013 0.8799463179001248
0.5438628408796446 0.7472305641263866 0.8698591999517981
0.5760424599871237 0.7306765400481767 0.8569811472494268
0.5108228656979384 0.8177470792167574 0.8784430592457967
0.5610248090517823 0.6924876918515599 0.8632461219933597
0.7570109532247349 0.3798744284454149 0.8384174773029111
0.7552205541893936 0.3403206045461449 0.8455190000358999
0.9262223915784724 0.04008706521246911 0.8810454089764648
0.6220951994285431 0.5680760050043817 0.8502849882716823
0.8830536096045066 0.06760782984439648 0.8775747631698835
0.8601021420024811 0.1122053508237961 0.8719381108425136
0.8596977386203118 0.1062718541856258 0.8718524712248403
0.5011782778432492 0.8883480894790721 0.8792304088028196
0.5902696923074637 0.6682244928871396 0.8574198538994469
0.7502478670795671 0.3553687452130805 0.8445896207972814
0.5194797022824547 0.8001293995418257 0.8763537308684822
0.5692682626746913 0.7161994710174386 0.8627754993515706
0.552118550567943 0.7404504999241095 0.8679723325073639
0.7404225972203643 0.374974563426792 0.8436382332166898
0.4829710543774866 0.8408041167262961 0.8839926579793549
0.559248587889247 0.7035706786921111 0.86458676816502
0.8989817624906925 0.006425603295874598 0.882278341251454
0.5381777964710155 0.7282956739553695 0.8681961624406932
0.4302137006913376 0.9692097664667338 0.907650438332027
0.8172525260212145 0.1691767075886841 0.8593534830586541
0.5973080181969832 0.6335221694938477 0.8563075668277836
0.7565327288846173 0.360913944598713 0.8424110780248975
0.6434354151102879 0.5380553731406366 0.8474989254262746
0.5868937558666308 0.646840474869516 0.8578506680068919
0.5316600564316195 0.7369008090984546 0.8695371998264892
0.5443891805337691 0.7649246597499236 0.86965774643279
0.727507576172942 0.3930972606842859 0.8430001009358721
0.8644823023185517 0.08439017137716998 0.8726411916643254
0.458968166079823 0.9280001413673163 0.8979390391950869
0.592567543239597 0.691745339283601 0.8543413166896595
0.6563523058343457 0.5268269900823138 0.8463763798790908
0.4319212282923615 0.9894828027996621 0.9081032784718803
0.7162852736731458 0.4392073002826457 0.840782308500555
0.6305382219285417 0.5797652628178547 0.8500084888431043
0.9303720211285967 0.01415015478346038 0.8836419122905047
0.7097662846836105 0.4452346630605099 0.8416585039626602
0.9251454159734517 0.03032402881901899 0.8823777048942708
0.7346857963757057 0.3874663474911201 0.8431895169863547
0.8740100204590754 0.05541064127134655 0.8749191945395491
0.5522859382919436 0.7746592684530929 0.8641407552216762
0.9087211753980821 0.03651604197757134 0.8821200387122388
0.7568098360937134 0.3293416580787588 0.8459415329081227
0.9103325624765515 0.02070805803905616 0.8831169434845774
0.6658548783351923 0.5631610632702527 0.8385475937870469
0.476197037508803 0.8730965651912133 0.8891168923499166
0.5612399494560623 0.7175124565686622 0.8651838211840891
0.6102385531460115 0.6502224195982433 0.8515963749499529
0.4378834116449037 0.9331761486517154 0.9029521274039342
0.7132602029541788 0.4247737351920333 0.8423903618897702
0.673022801416471 0.4978467861646073 0.8445687042903396
0.8162123817560322 0.2618833814104476 0.8494990785256734
0.8713122636179031 0.08659621378714043 0.8748041041442511
0.5490880996217431 0.7492300568843401 0.8687349885634703
0.5099386285803926 0.8605868126547834 0.8769539355157538
0.6775776124454931 0.5083693831732354 0.8426739014449288
0.6287681972276271 0.5969521480598264 0.8500668642001021
0.8588996861171442 0.1748300083795702 0.8629902047589646
0.4225275391817687 0.9744987282783253 0.9088669081861122
0.7568701717568889 0.340025635594514 0.8454862482534401
0.8385329773363346 0.1442462653593376 0.865830157003214
0.5468048395108455 0.7925661931711092 0.8641179453535562
0.615616552818388 0.6130457555935931 0.8529105034689375
0.642934104773651 0.5687539808306629 0.8475470496282242
0.6835672199416754 0.532218331718919 0.8356090943251994
0.8719215985023984 0.05916331478355607 0.8741917249619099
0.6998265320434358 0.4324516055325286 0.8423115707422842
0.4393791074116617 0.9731465671086436 0.9055266082287978
0.6294917779646311 0.6132541064234702 0.8481236046077659
0.4271368556549479 0.9931103805979297 0.908831691640888
0.6615653275566014 0.5270173212173476 0.8453840352922881
0.851654973813172 0.1090869992548074 0.8689074649244123
0.8910132561535636 0.04636518845631051 0.8798223136691858
0.8759115583383997 0.05026327495009791 0.8754258651773312
0.6797869085007286 0.479455074053004 0.8440476043794292
0.6519232132946715 0.5585237073518912 0.8458015952568425
0.6158489393376974 0.6034111113303393 0.8528162612283936
0.6680928126527428 0.4854600613403414 0.8435869557979367
0.505771445904752 0.7938785123610304 0.8772865182902098
0.5349654570617552 0.7626787702379184 0.8719411302112213
0.9172212256198847 0.04774175726237789 0.8807006837080572
0.7459286873908382 0.3561619614978144 0.8444170642540278
0.8450210360554145 0.1428887807498168 0.8674103849161866
0.4381865533246597 0.9992411821145756 0.9064234513284722
0.9237750022782828 0.05168515166811885 0.8794447094154738
0.813943220541786 0.2299838062515407 0.8572360145876455
0.6700378777319742 0.4938313250866864 0.8447700757757199
0.5756738545958296 0.7026719421626404 0.8608635541295095
0.6261528540524435 0.6229878136063869 0.8482253107576035
0.6245919294537008 0.5610604298119715 0.8493340150534551
0.8343671430062349 0.1432241276573502 0.8642925874499912
0.5742596484135183 0.7261442270717324 0.859194638943192
0.6752431960195504 0.4706740367555404 0.8428901442180673
0.4316815747095652 0.9630921054459606 0.9070810702226011
0.8033793789350332 0.2658183296517554 0.8514819135743846
0.6203533079802772 0.5906493927308588 0.8517990286080528
0.6735340875915876 0.5476129602396921 0.8378834125625398
0.5376483621949555 0.7937534497090398 0.8698911343623129
0.8015897903831629 0.2761198823694698 0.8493698558217677
0.6930679376437645 0.446644628162796 0.8428479646523174
0.5411583251511485 0.7853461931391369 0.8691495590736263
0.4607051219608194 0.9065075078543776 0.8960335308553262
0.9226093525172254 0.01569923992068471 0.8837569965858444
0.5222473367919435 0.8193740317688203 0.8745143727964219
0.7379643897237091 0.362114666664095 0.8434188267121572
0.5547019693556717 0.7411299407208012 0.8672336220717561
0.6733544092268471 0.5000185982789931 0.8444231387233001
0.82254761532999 0.2519740328434734 0.8506419978555114
0.5713140792545461 0.6788784552732848 0.8614864301545322
0.8296122474035306 0.235245183685443 0.8535514429546525
0.47087622229982 0.9408370130419903 0.8931677445314804
0.7952940629540449 0.2582568713735123 0.853529114160908
0.5162475509411877 0.7727059301793138 0.8744262619884601
0.8129654337246741 0.1789517138055301 0.858470545824643
0.5087773411109938 0.845004951974845 0.8787938274296618
0.7432021337063993 0.3766308470520335 0.8432054917773293
0.7630445295307062 0.3022247763826627 0.8467369953327357
0.4611318693780955 0.9095286628741439 0.8961701599079654
0.4902862327128119 0.8923178039921065 0.8855644351092762
0.4344160885943175 0.9566110698304191 0.906133576414363
0.880218473090892 0.109337154826772 0.8736837599685905
0.5505821553992956 0.7597712645119854 0.8674075794079191
0.8180796761382743 0.1650151774124313 0.8591948437329197
0.6521704875641365 0.5800483881402986 0.8426058835862593
0.827358961234502 0.2268114347135701 0.8562159311395331
0.5140872135823998 0.7885904176107563 0.8765340136088965
0.5817482905377394 0.6411881477763821 0.8567280544943581
0.5926454935887109 0.6560984205715816 0.857214511800616
0.8923237019182759 0.0988576096011594 0.8748925589803567
0.7158331830593913 0.4627198900388181 0.835943039859097
0.7116442986818237 0.4606464763454378 0.8384428653240086
0.6510367095242426 0.574213706224325 0.844225199508997
0.8629425728986704 0.12248909106594 0.8714320800237559
0.860342710470009 0.08079526856578666 0.8701832647531318
0.7955477857243026 0.2126450623444491 0.8538390214998596
0.7814794282342677 0.2692393652485867 0.8510791512873958
0.533876857479977 0.7351473480161034 0.8693102226852144
0.4793391409001029 0.9313379707426476 0.8891313264176628
0.9051913545956796 0.04075592665036951 0.8815956740229424
0.5413502890343547 0.7440561581142509 0.8699956569172714
0.7632923638742848 0.3266799297773652 0.8463310322388047
0.7307854990851066 0.4352158095851614 0.8363201939918679
0.6148187795955775 0.5794938637779531 0.8514412009678867
0.7430364963798954 0.3817621545781205 0.8424449394374416
0.4790419199872026 0.9263643645338548 0.8897209147758401
0.608243524543123 0.622214034955117 0.8543661495593149
0.5679049961817939 0.6838327817077902 0.8621730379825898
0.8653750473239343 0.1498820926760706 0.8678954208874829
0.5714488133887988 0.6801701093465882 0.8615469490020695
0.5340763744358329 0.821128768297438 0.8673763984219574
0.7704765570678174 0.2680836991724017 0.8481859672243126
0.7927628581378436 0.2147973883965972 0.8528078351428837
0.8476173865132115 0.1193787628409354 0.8681062866327897
0.4563099481893284 0.9033935726170398 0.896266728215533
0.6036116279678474 0.6575217170908683 0.8535533981827806
0.7353590564501281 0.4277020517865671 0.8361589479032794
0.8530977405389295 0.1800963050593139 0.8628040471478771
0.4619446464637037 0.9520697239563194 0.8967835490642663
0.4395755483953169 0.9542320910628103 0.9048521572220449
0.7250590016483605 0.4379416422163796 0.8382257516358894
0.8138508222596026 0.1783139231513785 0.8588061494803971
0.8093036877034715 0.2676072950789739 0.8497859764979349
0.7925827606779443 0.2565834174196159 0.8535919038649803
0.6126033875218608 0.6684685776328987 0.8469389964871905
0.600396492774783 0.6481667489969016 0.8555957369134117
0.5310281734126752 0.8295686979915801 0.867814091632479
0.6122355647907758 0.5799654790107001 0.8512805768402291
0.4752264644136776 0.9194814953578084 0.891652229118875
0.8458930308445791 0.1905014450617607 0.8615319271343944
0.5126616922033307 0.8594789318086016 0.8753855853518431
0.6791966505018978 0.470324797309155 0.8435210471024603
0.5164086506079922 0.8322248090208624 0.8761860308864896
0.8641653046077887 0.1500988440355746 0.8679235349537424
0.7002109113848819 0.4100112707400747 0.840164427454641
0.8833344403576732 0.1181264105802991 0.8719626487109877
0.4223583215718895 0.9849273902293888 0.9091623559944222
0.4585724394342734 0.9081085896622895 0.8966492934572402
0.8289410810353892 0.1585870385908461 0.8632085505131204
0.6063407442794837 0.6700240730634072 0.8506241320760246
0.865186774644622 0.1014455329167869 0.8733022016604027
0.7882242307012082 0.3166529616884203 0.8426208252609365
0.8276102871529806 0.2344412697639509 0.8543255989424745
0.4200059795845328 0.9753803172965443 0.9091126550242284
0.610312747052085 0.5959626820850944 0.8528484994470363
0.4343731646120424 0.9767978321652849 0.9070950358415864
0.9154036696606332 0.01390492357961131 0.8836552272049771
0.5709951881184221 0.7426225970232033 0.8577922743328249
0.8958642066204289 0.0975437309115863 0.874719953595011
0.6101656175498691 0.6304242651119941 0.853574210759752
0.4389013454732025 0.9970523766228242 0.9061200466444594
0.77134503101527 0.3555079146081153 0.838973066339697
0.8906853205015349 0.04499100942397072 0.8798242589148267
0.7929216767861142 0.2345144512292531 0.8545263240322482
0.7310726707945916 0.4283085108866489 0.8378498151669574
0.9111708703270047 0.03063366377290043 0.8826345286525368
0.8059996580965816 0.222729346352969 0.8576578064873048
0.6924743934499447 0.4607682747118027 0.8431801739705646
0.7998548967297445 0.2439050656947797 0.855445912158507
0.6364466967929372 0.6110933812386791 0.8449876426411682
0.6283793839292505 0.6020303534353293 0.8498083511245174
0.7831420830372451 0.2953093616735699 0.8486488568660043
0.884389676938015 0.03501384194708142 0.878137207083495
0.6755953738352263 0.4620650096154143 0.8415135174039402
0.4392977638353118 0.9306533997555512 0.9024898091088678
0.6263290013076408 0.6401125749759901 0.8447971728076635
0.5292610492926375 0.8410399504197016 0.8664066243938038
0.4894587768425508 0.9096855422992658 0.8847950255620013
0.7775915027258877 0.2592369938545102 0.8503386112718532
0.889572771540644 0.08960900739282789 0.8762061947174098
0.8816428748805276 0.04873851735551773 0.8774443939410774
0.804923618913127 0.2172995485445948 0.8575654869042223
0.7001387426397478 0.4675292970927103 0.8410940417686358
0.5712524779938406 0.7286384802910678 0.8606015156078534
0.8598783856536627 0.1142164147990832 0.8717915910911503
0.6601612831513217 0.551302110567364 0.843670131646961
0.4785190366108525 0.9276230740023884 0.8899364457186337
0.7820408229399664 0.3321820457150145 0.8408802115884408
0.4974406372976679 0.8845434309377072 0.8821710854087398
0.8931625971073112 0.09519448880813759 0.875445884126115
0.4933971881602878 0.8867363300578373 0.8842380299055487
0.5649375109304384 0.7429026061403111 0.8618739260892101
0.5671656307145794 0.7309275533682329 0.8624972522341799
0.6426046076661929 0.6138072393898886 0.8406481810242487
0.5367767418207492 0.7967881410367732 0.8699178820288505
0.6034213069609465 0.6777100519639021 0.8508617392153327
0.5329210210512024 0.8236589179484448 0.8676988771371635
0.8560621496783859 0.1169945221007776 0.8708195321637771
0.6557429382371451 0.5730774237648945 0.842120599111863
0.9330534032699901 0.002622577362983756 0.883844661793976
0.8350138029013825 0.1853648629902698 0.8627829762246969
0.7038790932176072 0.4035406072640515 0.8402522975426573
0.7365180525633125 0.4005361601712816 0.8410336991369711
0.8764415532939329 0.07562485247646684 0.8760636416551922
0.6435561131423135 0.5299697078438335 0.8466064470121362
0.8706970916691689 0.1002764204052633 0.8742647918553087
0.4890957485600821 0.9061264055343934 0.8853855256021119
0.8596115394307355 0.1444823169822257 0.8687196418772742
0.6900308907916913 0.4957671740538288 0.8400585966253226
0.6010185129246761 0.627218505659708 0.8556056308999975
0.6843935265133128 0.4617058026891694 0.8433091261424935
0.8452272492904344 0.1380819734828928 0.8676591093222017
0.8127847461787913 0.1999381572007845 0.8594311720109564
0.650374311465013 0.576552935213108 0.8441549639161701
0.8786040266410466 0.1007094979755159 0.8747900798566091
0.6841490080506304 0.4603094199953179 0.8431367146091746
0.8766424011097488 0.1331002005064395 0.8697145016431823
0.7271506690546641 0.399062297958444 0.8429188314252933
0.6239480176586416 0.5995726797727741 0.8513370941388169
0.497119143697023 0.8187159513210487 0.8804783132482134
0.6231963724937274 0.6455064921851765 0.8455385932977696
0.654457432336387 0.5462484250526169 0.8459793107194772
0.553450837965799 0.7621713982718864 0.8655960735132303
0.8185535007475659 0.1886868556908736 0.86096338387737
0.7162851188640507 0.4490202984069568 0.8391931535671804
0.6702893615794785 0.5504938869506558 0.8390789650439555
0.8740118340002428 0.1208339180428693 0.8720139644109142
0.8179931931281431 0.1960908212680793 0.8605997472227023
0.4668060096059023 0.9436523564828804 0.8949744435554422
0.8553242645949705 0.09378765620933271 0.8690026886126833
0.7517952192815931 0.3518192690572791 0.8447909844945302
0.7590278659989256 0.3304362149585207 0.8461221987419163
0.7275013741699521 0.4179471029983587 0.8406832820212676
0.8915980742273844 0.0185558297757785 0.880373184663198
0.839770757146073 0.2041856638175369 0.859292100094651
0.8689535228390961 0.147062169922079 0.8680147499470311
0.5565334533371653 0.7562641528231391 0.8647082499995439
0.7252592509031571 0.4013250532566221 0.8428930963229321
0.7374799271754362 0.3840413365438773 0.84321681614634
0.5534660205028328 0.776374122489418 0.8629658025121342
0.7133847655557957 0.4059172698324161 0.8420472631399732
0.554443691370284 0.7437877360469605 0.8672017880528717
0.9392719931617715 0.01544386940796108 0.8829239503757443
0.5241931797350725 0.8475232631189391 0.8690926332289878
0.5908043890915833 0.712522313796227 0.8505792449803664
0.9014880394337178 0.00345807941791512 0.8827758022182488
0.6689907169756436 0.4954079955329224 0.8448460095892575
0.6710372287412347 0.5492610524172248 0.8389400714991352
0.8966944402534024 0.06339280775906184 0.8790010184991759
0.447941482927623 0.9308748813024139 0.9010570490939159
0.7013525208930265 0.4050886632898304 0.8398446039238148
0.8494323272255401 0.1172706271136508 0.8686997580410418
0.5403059611517498 0.7712476457335277 0.8708102534306901
0.5678702659755341 0.6797883662766723 0.8616627435984041
0.8685043300122508 0.1086075888521073 0.8733441121950515
0.4315509343201067 0.9883506172282391 0.9081535345652335
0.545091668537395 0.783030498206164 0.8672147325955978
0.9192856953336326 0.04127604609414751 0.8814666298437142
0.6084315104216484 0.672016910124578 0.8489657740175058
0.5404416644202741 0.7575705935049665 0.8708532556827261
0.5229963191426341 0.8301102290070198 0.8728984023543526
0.6918355080493892 0.4488808063086498 0.8429209301099549
0.9024456093099181 0.09492296729931746 0.8742088420704787
0.7884791274501379 0.2388733226055621 0.8532462784448559
0.6255080395031292 0.5659587413845392 0.8501104338888614
0.7356052469162295 0.425894246634978 0.8364804982011771
0.8033156163773106 0.2476852546668077 0.8549279895847303
0.8347465348591779 0.1324002203216777 0.8631121159058106
0.9097291522704667 0.06176055411890175 0.879014986931025
0.8214074658329633 0.1742218826777404 0.8614631076740487
0.7739530875226265 0.268351074898779 0.8494288034838082
0.5601225775713672 0.6848930021211938 0.8620076980688814
0.4889530260762913 0.8947108527155178 0.8860881923059493
0.5034084177591878 0.849855940719068 0.8807887135130495
0.6228871477408741 0.6149683578940892 0.8505969495979065
0.4466204364069833 0.9512669858295782 0.9026741081012332
0.7357797864991147 0.3684552062155936 0.8433254921025819
0.5378705034441644 0.7705968105097286 0.8715359042820082
0.7013286812237132 0.3982896508641027 0.8387673390732217
0.6373654450929562 0.6216939490389516 0.8420886350943655
0.8127702412720631 0.1792183370232668 0.8584016521773958
0.4536972813558287 0.9352957964573502 0.8998756522224727
0.6080082658715584 0.5907530698882197 0.8523900681233924
0.7097074351551511 0.4458364920904099 0.8416142473548568
0.4910606170497186 0.8798846033773779 0.8853228830007566
0.4959709001686289 0.8228817674437918 0.8810055845896813
0.5340733011411845 0.7826308746741297 0.8723941568024006
0.83405846088848 0.1996172509154385 0.860845386431152
0.7855017506682788 0.233943817780327 0.8516113106165702
0.8204108643673411 0.2440694888327594 0.8534611898345631
0.5813169612462246 0.6568997249272185 0.858883054943922
0.7542723657117563 0.2939907616442026 0.8435271964481298
0.6054872454169613 0.5954842663349045 0.8527135976558522
0.7053221435310888 0.4887331046577231 0.8342412612777736
0.8684925002830535 0.07405770480356072 0.8736480751497897
0.4336526476003474 0.9580223089819878 0.9063923414688355
0.8656582805866647 0.1580152493706044 0.8659959163963424
0.5973485989716596 0.6801796339825632 0.853650609882885
0.4257937454040133 0.9610141217527045 0.9075858130016798
0.7414039648330789 0.4012819428002843 0.8393796784238253
0.5381709350916422 0.7460745008411233 0.8704463666161817
0.4318680672821906 0.989134402940578 0.9081122829959964
0.5434683427649869 0.7319384798090618 0.8685638766665271
0.8452705641255112 0.2060471015079166 0.8575610452942813
0.8033934072374336 0.2382248445592005 0.856241894702563
0.5373589920752491 0.8147944727981438 0.8662351073401426
0.5827127294301581 0.6454530645373524 0.8575106225236115
0.451807116461828 0.9204795001635698 0.8992794440637282
0.8337742274085872 0.1733728056649551 0.8638528497070818
0.7950159017439075 0.2347112476056028 0.855084383436289
0.6498168485703957 0.5196396585179678 0.8458686474192273
0.6835294690139264 0.5007065527610045 0.8417853800568946
